-0.00078419718724559504645366114772
-0.00559564825151693829435872729050
-0.00184351903220369680094781195123
0.00471881443833392730941023174296
0.00903853138391105988269647042443
0.00266896365647990678471312975262
-0.01113133078985974536156966507860
-0.01647668883910717585461469525399
-0.00160173429961679887612024941745
0.02227030501985645394302792965391
0.02640231788702750853614631409982
-0.00301067888388961008017119524993
-0.03988516277633920997791605600469
-0.03817222371195372332408624060918
0.01380491411539395626983939280308
0.06570124195756513185706637614203
0.05030063059448253159899877573480
-0.03425285976223683970243172325354
-0.10133957748513339192086846196617
-0.06025756349654252941316912028924
0.06885336966721243567857158041079
0.14837815018754818563451181034907
0.06418549416321622791414824860112
-0.12375890238739595261563408712391
-0.20877715314844988436782102780853
-0.05631031430116857638967786670037
0.20854389856755781162966911779222
0.28629704318058707412930630198389
0.02725165489107242433597377839760
-0.34164743742194142450685490075557
-0.39072806338991983299280263963738
0.04185881447302008950828167144209
0.56949475794792903116103843785822
0.55374600998141620955550479266094
-0.20559175468415563647894828136486
-1.06298447512433824613253818824887
-0.92507758280156948682559914232115
0.77165987577324324231398122719838
3.37185072039150135481122561031953
5.31950210407787338340312999207526
5.31950210407787338340312999207526
3.37185072039150135481122561031953
0.77165987577324324231398122719838
-0.92507758280156948682559914232115
-1.06298447512433824613253818824887
-0.20559175468415563647894828136486
0.55374600998141620955550479266094
0.56949475794792903116103843785822
0.04185881447302008950828167144209
-0.39072806338991983299280263963738
-0.34164743742194142450685490075557
0.02725165489107242433597377839760
0.28629704318058707412930630198389
0.20854389856755781162966911779222
-0.05631031430116857638967786670037
-0.20877715314844988436782102780853
-0.12375890238739595261563408712391
0.06418549416321622791414824860112
0.14837815018754818563451181034907
0.06885336966721243567857158041079
-0.06025756349654252941316912028924
-0.10133957748513339192086846196617
-0.03425285976223683970243172325354
0.05030063059448253159899877573480
0.06570124195756513185706637614203
0.01380491411539395626983939280308
-0.03817222371195372332408624060918
-0.03988516277633920997791605600469
-0.00301067888388961008017119524993
0.02640231788702750853614631409982
0.02227030501985645394302792965391
-0.00160173429961679887612024941745
-0.01647668883910717585461469525399
-0.01113133078985974536156966507860
0.00266896365647990678471312975262
0.00903853138391105988269647042443
0.00471881443833392730941023174296
-0.00184351903220369680094781195123
-0.00559564825151693829435872729050
-0.00078419718724559504645366114772
