0.04645401299029731922995978266044
-0.03582785850614945283298951039797
-0.10506274425106296166454455942585
0.09718358734104687313148929206363
0.19645208952787993061939175731823
-0.14584561572039539401046681632579
-0.45626962825000072498937697673682
0.36939681840401394907758003682829
0.71029511909197906582846826495370
-0.60847907205969875565898519198527
-1.08041924711601566855279088485986
0.84863963525204622051489877776476
1.78574943775990924166308104759082
-1.48853545254730890157190970057854
-2.30770728147518600081866679829545
1.98077519369414289940323214977980
3.07160843829519203396216653345618
-2.48922397883062629375672258902341
-4.26807982226492832467101834481582
3.66266381969212417857306718360633
4.76953650133463291638236114522442
-4.13231926909148050697240250883624
-5.80492046570360287205403437837958
4.70418020503856837422063108533621
7.24763832027545529257395173772238
-6.29677518860743479223174290382303
-6.89462119007330009878842247417197
5.61701316218956669956696714507416
8.42484110472178215900385112036020
-5.38929233068065549616676435107365
-11.97585006397057583171772421337664
9.95317948995566403880275174742565
9.95317948995566403880275174742565
-11.97585006397057583171772421337664
-5.38929233068065549616676435107365
8.42484110472178215900385112036020
5.61701316218956669956696714507416
-6.89462119007330009878842247417197
-6.29677518860743479223174290382303
7.24763832027545529257395173772238
4.70418020503856837422063108533621
-5.80492046570360287205403437837958
-4.13231926909148050697240250883624
4.76953650133463291638236114522442
3.66266381969212417857306718360633
-4.26807982226492832467101834481582
-2.48922397883062629375672258902341
3.07160843829519203396216653345618
1.98077519369414289940323214977980
-2.30770728147518600081866679829545
-1.48853545254730890157190970057854
1.78574943775990924166308104759082
0.84863963525204622051489877776476
-1.08041924711601566855279088485986
-0.60847907205969875565898519198527
0.71029511909197906582846826495370
0.36939681840401394907758003682829
-0.45626962825000072498937697673682
-0.14584561572039539401046681632579
0.19645208952787993061939175731823
0.09718358734104687313148929206363
-0.10506274425106296166454455942585
-0.03582785850614945283298951039797
0.04645401299029731922995978266044
