0.00395500079555885768883838338184
-0.00174094965316871040650337221223
-0.00262600729524137700005015361171
0.00604974369429642742923558529355
-0.00295294127624348050689673250702
-0.00563955791219148544479722318101
0.01032274120483818447002732909823
-0.00287060297868729774606322280306
-0.01173446582580143018881280170262
0.01672661836036793900350794217502
-0.00176386603068377431635660457232
-0.02075717000695806446763924668630
0.02405995390436470662831602851384
0.00266331965907218651268273390542
-0.03480613616256553188854638847261
0.03283907977436073544197370210895
0.01142748396718896303214663134895
-0.05468278962347392080367569633381
0.04169788325522526262201239433125
0.02818679401398885286944562267308
-0.08389266904856729212269783602096
0.05047623428003112505679794708158
0.05809011963813267426237629820207
-0.12868157246731004583750745950965
0.05785334530567858013494486613126
0.11672776887063773809671829440049
-0.21166279435283180676563574706961
0.06340208357704199548798840169184
0.26980666993330315595045476584346
-0.46458235052839974565941361106525
0.06628514832224663422266530687921
2.17013332292160132652725224033929
2.17013332292160132652725224033929
0.06628514832224663422266530687921
-0.46458235052839974565941361106525
0.26980666993330315595045476584346
0.06340208357704199548798840169184
-0.21166279435283180676563574706961
0.11672776887063773809671829440049
0.05785334530567858013494486613126
-0.12868157246731004583750745950965
0.05809011963813267426237629820207
0.05047623428003112505679794708158
-0.08389266904856729212269783602096
0.02818679401398885286944562267308
0.04169788325522526262201239433125
-0.05468278962347392080367569633381
0.01142748396718896303214663134895
0.03283907977436073544197370210895
-0.03480613616256553188854638847261
0.00266331965907218651268273390542
0.02405995390436470662831602851384
-0.02075717000695806446763924668630
-0.00176386603068377431635660457232
0.01672661836036793900350794217502
-0.01173446582580143018881280170262
-0.00287060297868729774606322280306
0.01032274120483818447002732909823
-0.00563955791219148544479722318101
-0.00295294127624348050689673250702
0.00604974369429642742923558529355
-0.00262600729524137700005015361171
-0.00174094965316871040650337221223
0.00395500079555885768883838338184
