0.04616211653574893436502435406510
-0.01804435815811175625178464088094
-0.06868211000576394942296332146725
0.09059025619330487999469880833203
0.04521560293755660930870021729788
-0.16982689594713476499698856514442
0.04517697698244177439974578192050
0.20819769216492967078835363281542
-0.19071249884439323007967459489009
-0.14399788847177819040012991536059
0.30398288022563302313017175038112
0.00586648019079966109856627554109
-0.33230373359845200020856736955466
0.13772838396078068701200436407817
0.27991459431509352340228247157938
-0.21499961356667446343848837386759
-0.23552525052897016477615466101270
0.26071164068651991874148166061786
0.24819107254479938484692524980346
-0.37363173202756555513204261842475
-0.25990452640562045072414321111864
0.62157915421098519637155277450802
0.10289015953469293762623237853404
-0.90164921342866888309686146385502
0.33251095763798071969219449783850
0.97202536362648017664866983977845
-0.95352780163217554232346628850792
-0.61735163610497134634158555854810
1.44833079757063853953980014921399
-0.13418872035649243024124643852701
-1.48801709300649909195612963230815
0.97301133653260818423547107158811
0.97301133653260818423547107158811
-1.48801709300649909195612963230815
-0.13418872035649243024124643852701
1.44833079757063853953980014921399
-0.61735163610497134634158555854810
-0.95352780163217554232346628850792
0.97202536362648017664866983977845
0.33251095763798071969219449783850
-0.90164921342866888309686146385502
0.10289015953469293762623237853404
0.62157915421098519637155277450802
-0.25990452640562045072414321111864
-0.37363173202756555513204261842475
0.24819107254479938484692524980346
0.26071164068651991874148166061786
-0.23552525052897016477615466101270
-0.21499961356667446343848837386759
0.27991459431509352340228247157938
0.13772838396078068701200436407817
-0.33230373359845200020856736955466
0.00586648019079966109856627554109
0.30398288022563302313017175038112
-0.14399788847177819040012991536059
-0.19071249884439323007967459489009
0.20819769216492967078835363281542
0.04517697698244177439974578192050
-0.16982689594713476499698856514442
0.04521560293755660930870021729788
0.09059025619330487999469880833203
-0.06868211000576394942296332146725
-0.01804435815811175625178464088094
0.04616211653574893436502435406510
