-0.00410342204215652373022749088705
0.01661039775683645358661522095645
0.01570286151972682953115167947544
-0.00125419793774199242811229204619
-0.02483916340531993477425132255121
-0.02549516728526263556475761618003
0.00922785142254459872512839524461
0.04748940789753548080698308808678
0.03814266974962388784264888386133
-0.02613788562791723169009827643094
-0.08096249452203126140137356969717
-0.04993843398335329197834653314203
0.05730901244146395512313318931774
0.12737535770558156000831218079838
0.05679912294098080072224377090606
-0.10956869070201830096422668248124
-0.18891088131350752821191463226569
-0.05243247232460752221827604557802
0.19308399065290282603513105641468
0.26926386094441961960299636302807
0.02680687319023004888673966661372
-0.32672966888235821514285817102063
-0.37784006678864778816517855375423
0.03968049133613069101578219033399
0.55703871176103381124278257630067
0.54568832419017421209161966544343
-0.20220222382839830865819408245443
-1.05472199177547798498721931537148
-0.92174967789130080042525605676929
0.76880944707286169581550439033890
3.36894936344480022683001152472571
5.32000329922062675791494257282466
5.32000329922062675791494257282466
3.36894936344480022683001152472571
0.76880944707286169581550439033890
-0.92174967789130080042525605676929
-1.05472199177547798498721931537148
-0.20220222382839830865819408245443
0.54568832419017421209161966544343
0.55703871176103381124278257630067
0.03968049133613069101578219033399
-0.37784006678864778816517855375423
-0.32672966888235821514285817102063
0.02680687319023004888673966661372
0.26926386094441961960299636302807
0.19308399065290282603513105641468
-0.05243247232460752221827604557802
-0.18891088131350752821191463226569
-0.10956869070201830096422668248124
0.05679912294098080072224377090606
0.12737535770558156000831218079838
0.05730901244146395512313318931774
-0.04993843398335329197834653314203
-0.08096249452203126140137356969717
-0.02613788562791723169009827643094
0.03814266974962388784264888386133
0.04748940789753548080698308808678
0.00922785142254459872512839524461
-0.02549516728526263556475761618003
-0.02483916340531993477425132255121
-0.00125419793774199242811229204619
0.01570286151972682953115167947544
0.01661039775683645358661522095645
-0.00410342204215652373022749088705
