-0.47873252309678671068127187027130
0.31914168506904716515748532401631
-0.32431151745627317950493306852877
0.24469233643117394016996968275635
-0.07785539921605955093752982065780
-0.15317797796554333267238234839169
0.40127608064233921680852290592156
-0.60447522156005994986571749905124
0.69895928938394447094140105036786
-0.63622696681494228521103195816977
0.40333417355500134071633056009887
-0.02668328783220852429280967044178
-0.42342889342305989330839111062232
0.84805748728864416285944116680184
-1.13985991641729067502808447898133
1.21042409013919050053686987666879
-1.01458413064942210013441581395455
0.56774371277934854163049749331549
0.05132395954293134110457685892470
-0.71443632649042942972528180689551
1.26993200880488421589120662247296
-1.57922761333204153544329528813250
1.55089784505120742430506197706563
-1.16684439633803349600782439665636
0.49102792661978078569973149569705
0.34039401340310337928940498386510
-1.14813253911232826531829687155550
1.75007448980703128604829998948844
-2.00406257234664586519556905841455
1.84287775905790685015972485416569
-1.29160484932338626151704374933615
0.46383133159987455229611441609450
0.46383133159987455229611441609450
-1.29160484932338626151704374933615
1.84287775905790685015972485416569
-2.00406257234664586519556905841455
1.75007448980703128604829998948844
-1.14813253911232826531829687155550
0.34039401340310337928940498386510
0.49102792661978078569973149569705
-1.16684439633803349600782439665636
1.55089784505120742430506197706563
-1.57922761333204153544329528813250
1.26993200880488421589120662247296
-0.71443632649042942972528180689551
0.05132395954293134110457685892470
0.56774371277934854163049749331549
-1.01458413064942210013441581395455
1.21042409013919050053686987666879
-1.13985991641729067502808447898133
0.84805748728864416285944116680184
-0.42342889342305989330839111062232
-0.02668328783220852429280967044178
0.40333417355500134071633056009887
-0.63622696681494228521103195816977
0.69895928938394447094140105036786
-0.60447522156005994986571749905124
0.40127608064233921680852290592156
-0.15317797796554333267238234839169
-0.07785539921605955093752982065780
0.24469233643117394016996968275635
-0.32431151745627317950493306852877
0.31914168506904716515748532401631
-0.47873252309678671068127187027130
