0.03512937086435903577541495224068
-0.00537436430789980934541461010667
-0.03267897793354418434219610389846
0.08498480229368189642347175549730
-0.11837555480131861651571512084047
0.09633478095754441361542319555156
-0.00486603369594251766727666108636
-0.12799197688404426176411732285487
0.23633038690380070434571280202363
-0.24895869570584677754609970179445
0.13477882489458048453911942488048
0.06615206860536670951944415719481
-0.25244545193165540686308645490499
0.31394968839252002101858352034469
-0.20150767705452865552473440402537
-0.03033041809950792755401494105172
0.24138006406971262984839654563984
-0.28417164748471795965301112119050
0.10130439848120728618674490917329
0.21970420038106977522751606102247
-0.47752689509911239174044794708607
0.46860633619322711318488927645376
-0.11987603418029590951476848204038
-0.43886326031398692482099477274460
0.91805307716670414563964186527301
-1.01665407173391209028068260522559
0.59895482862596316486758496466791
0.20304141648279983023428485466866
-1.03033244462760031900927515380317
1.47050901806974110286319046281278
-1.27535950935647912629633538017515
0.50236152871053763036002237640787
0.50236152871053763036002237640787
-1.27535950935647912629633538017515
1.47050901806974110286319046281278
-1.03033244462760031900927515380317
0.20304141648279983023428485466866
0.59895482862596316486758496466791
-1.01665407173391209028068260522559
0.91805307716670414563964186527301
-0.43886326031398692482099477274460
-0.11987603418029590951476848204038
0.46860633619322711318488927645376
-0.47752689509911239174044794708607
0.21970420038106977522751606102247
0.10130439848120728618674490917329
-0.28417164748471795965301112119050
0.24138006406971262984839654563984
-0.03033041809950792755401494105172
-0.20150767705452865552473440402537
0.31394968839252002101858352034469
-0.25244545193165540686308645490499
0.06615206860536670951944415719481
0.13477882489458048453911942488048
-0.24895869570584677754609970179445
0.23633038690380070434571280202363
-0.12799197688404426176411732285487
-0.00486603369594251766727666108636
0.09633478095754441361542319555156
-0.11837555480131861651571512084047
0.08498480229368189642347175549730
-0.03267897793354418434219610389846
-0.00537436430789980934541461010667
0.03512937086435903577541495224068
