-0.00039209859362279752322683057386
-0.00279782412575846914717936364525
-0.00092175951610184840047390597562
0.00235940721916696365470511587148
0.00451926569195552994134823521222
0.00133448182823995339235656487631
-0.00556566539492987268078483253930
-0.00823834441955358792730734762699
-0.00080086714980839943806012470873
0.01113515250992822697151396482695
0.01320115894351375426807315704991
-0.00150533944194480504008559762497
-0.01994258138816960498895802800234
-0.01908611185597686166204312030459
0.00690245705769697813491969640154
0.03285062097878256592853318807101
0.02515031529724126579949938786740
-0.01712642988111841985121586162677
-0.05066978874256669596043423098308
-0.03012878174827126470658456014462
0.03442668483360621783928579020539
0.07418907509377409281725590517453
0.03209274708160811395707412430056
-0.06187945119369797630781704356195
-0.10438857657422494218391051390427
-0.02815515715058428819483893335018
0.10427194928377890581483455889611
0.14314852159029353706465315099194
0.01362582744553621216798688919880
-0.17082371871097071225342745037779
-0.19536403169495991649640131981869
0.02092940723651004475414083572105
0.28474737897396451558051921892911
0.27687300499070810477775239633047
-0.10279587734207781823947414068243
-0.53149223756216912306626909412444
-0.46253879140078474341279957116058
0.38582993788662162115699061359919
1.68592536019575067740561280515976
2.65975105203893669170156499603763
2.65975105203893669170156499603763
1.68592536019575067740561280515976
0.38582993788662162115699061359919
-0.46253879140078474341279957116058
-0.53149223756216912306626909412444
-0.10279587734207781823947414068243
0.27687300499070810477775239633047
0.28474737897396451558051921892911
0.02092940723651004475414083572105
-0.19536403169495991649640131981869
-0.17082371871097071225342745037779
0.01362582744553621216798688919880
0.14314852159029353706465315099194
0.10427194928377890581483455889611
-0.02815515715058428819483893335018
-0.10438857657422494218391051390427
-0.06187945119369797630781704356195
0.03209274708160811395707412430056
0.07418907509377409281725590517453
0.03442668483360621783928579020539
-0.03012878174827126470658456014462
-0.05066978874256669596043423098308
-0.01712642988111841985121586162677
0.02515031529724126579949938786740
0.03285062097878256592853318807101
0.00690245705769697813491969640154
-0.01908611185597686166204312030459
-0.01994258138816960498895802800234
-0.00150533944194480504008559762497
0.01320115894351375426807315704991
0.01113515250992822697151396482695
-0.00080086714980839943806012470873
-0.00823834441955358792730734762699
-0.00556566539492987268078483253930
0.00133448182823995339235656487631
0.00451926569195552994134823521222
0.00235940721916696365470511587148
-0.00092175951610184840047390597562
-0.00279782412575846914717936364525
-0.00039209859362279752322683057386
