0.00224023740907196679608692768682
0.00370899191250541760550563097354
0.00414440544799500598660557670883
-0.00421161591179193377232348183270
-0.00728747467026468094541957754018
0.02607725776435601203195879804753
-0.03464161883784679790698746160160
0.01736538774900326514982751291427
0.01778750566241082270435569512301
-0.04042619904569959288220815096793
0.02967111282479590467220376126534
-0.00414128889598159438678592891847
0.00781944927417876738118263091337
-0.05523679196030142901641113439837
0.09658024204800472189980098391970
-0.05763297706892561711455869044585
-0.07155076699557502695192567898630
0.19819904430222134994465932322782
-0.20416729739951688937793505829177
0.07674425528360503956371019285143
0.05497708037150311755070219987829
-0.04925456951173251551878706777643
-0.06938656697631739866949374118121
0.09143004507366025990222624386661
0.16379276791767963250556761067855
-0.59092108839859336377742238255451
0.79262549744242494220713979302673
-0.40983724982348124221687157842098
-0.48118210943001127333218391868286
1.30802041301506166703916278493125
-1.41135764161372212477374432637589
0.60681618049447716423117071826709
0.60681618049447716423117071826709
-1.41135764161372212477374432637589
1.30802041301506166703916278493125
-0.48118210943001127333218391868286
-0.40983724982348124221687157842098
0.79262549744242494220713979302673
-0.59092108839859336377742238255451
0.16379276791767963250556761067855
0.09143004507366025990222624386661
-0.06938656697631739866949374118121
-0.04925456951173251551878706777643
0.05497708037150311755070219987829
0.07674425528360503956371019285143
-0.20416729739951688937793505829177
0.19819904430222134994465932322782
-0.07155076699557502695192567898630
-0.05763297706892561711455869044585
0.09658024204800472189980098391970
-0.05523679196030142901641113439837
0.00781944927417876738118263091337
-0.00414128889598159438678592891847
0.02967111282479590467220376126534
-0.04042619904569959288220815096793
0.01778750566241082270435569512301
0.01736538774900326514982751291427
-0.03464161883784679790698746160160
0.02607725776435601203195879804753
-0.00728747467026468094541957754018
-0.00421161591179193377232348183270
0.00414440544799500598660557670883
0.00370899191250541760550563097354
0.00224023740907196679608692768682
