0.00259012770595890527702831462875
0.00187206509915928626455738914558
0.00116119412854393455267199009029
0.00787561790187509859484382701567
-0.00576093926228077660156579042905
-0.01296687185224461129340323140013
0.00045147477235132210671153529802
-0.00636553416741839940551361820553
-0.00491928253963639858237222313164
0.03145606986217153178131411550567
0.01671569096991523672990354043577
-0.01185098551264450288111884646014
0.01182166399715149467108954439709
-0.02673302994785028627311440629910
-0.06702627380493175746067890941049
0.01662394888170414669614771696615
0.03101491857852911940285345337998
-0.00230532766107073745776023798726
0.09872725715721722417050898457092
0.05459797112112404343653437877038
-0.11589784169518352330285893003747
-0.03922276673156224052751994690880
-0.04340902462737183248320249617791
-0.17563581083932650050982715583814
0.11620937335775494148037978447974
0.28259211257483063395312683496741
-0.01101825205095512127950740932647
0.16510101620831252322574300706037
0.13271614498291089967452194287034
-0.92914358766235449760273468200467
-0.71406047660430194135017245571362
1.19785285843300726149607271509012
1.19785285843300726149607271509012
-0.71406047660430194135017245571362
-0.92914358766235449760273468200467
0.13271614498291089967452194287034
0.16510101620831252322574300706037
-0.01101825205095512127950740932647
0.28259211257483063395312683496741
0.11620937335775494148037978447974
-0.17563581083932650050982715583814
-0.04340902462737183248320249617791
-0.03922276673156224052751994690880
-0.11589784169518352330285893003747
0.05459797112112404343653437877038
0.09872725715721722417050898457092
-0.00230532766107073745776023798726
0.03101491857852911940285345337998
0.01662394888170414669614771696615
-0.06702627380493175746067890941049
-0.02673302994785028627311440629910
0.01182166399715149467108954439709
-0.01185098551264450288111884646014
0.01671569096991523672990354043577
0.03145606986217153178131411550567
-0.00491928253963639858237222313164
-0.00636553416741839940551361820553
0.00045147477235132210671153529802
-0.01296687185224461129340323140013
-0.00576093926228077660156579042905
0.00787561790187509859484382701567
0.00116119412854393455267199009029
0.00187206509915928626455738914558
0.00259012770595890527702831462875
