-0.95746504619357342136254374054261
0.63828337013809433031497064803261
-0.64862303491254635900986613705754
0.48938467286234788033993936551269
-0.15571079843211910187505964131560
-0.30635595593108666534476469678339
0.80255216128467843361704581184313
-1.20895044312011989973143499810249
1.39791857876788894188280210073572
-1.27245393362988457042206391633954
0.80666834711000268143266112019774
-0.05336657566441704858561934088357
-0.84685778684611978661678222124465
1.69611497457728832571888233360369
-2.27971983283458135005616895796265
2.42084818027838100107373975333758
-2.02916826129884420026883162790909
1.13548742555869708326099498663098
0.10264791908586268220915371784940
-1.42887265298085885945056361379102
2.53986401760976843178241324494593
-3.15845522666408307088659057626501
3.10179569010241484861012395413127
-2.33368879267606699201564879331272
0.98205585323956157139946299139410
0.68078802680620675857880996773019
-2.29626507822465653063659374311101
3.50014897961406257209659997897688
-4.00812514469329173039113811682910
3.68575551811581370031944970833138
-2.58320969864677252303408749867231
0.92766266319974910459222883218899
0.92766266319974910459222883218899
-2.58320969864677252303408749867231
3.68575551811581370031944970833138
-4.00812514469329173039113811682910
3.50014897961406257209659997897688
-2.29626507822465653063659374311101
0.68078802680620675857880996773019
0.98205585323956157139946299139410
-2.33368879267606699201564879331272
3.10179569010241484861012395413127
-3.15845522666408307088659057626501
2.53986401760976843178241324494593
-1.42887265298085885945056361379102
0.10264791908586268220915371784940
1.13548742555869708326099498663098
-2.02916826129884420026883162790909
2.42084818027838100107373975333758
-2.27971983283458135005616895796265
1.69611497457728832571888233360369
-0.84685778684611978661678222124465
-0.05336657566441704858561934088357
0.80666834711000268143266112019774
-1.27245393362988457042206391633954
1.39791857876788894188280210073572
-1.20895044312011989973143499810249
0.80255216128467843361704581184313
-0.30635595593108666534476469678339
-0.15571079843211910187505964131560
0.48938467286234788033993936551269
-0.64862303491254635900986613705754
0.63828337013809433031497064803261
-0.95746504619357342136254374054261
