0.07025874172871807155082990448136
-0.01074872861579961869082922021335
-0.06535795586708836868439220779692
0.16996960458736379284694351099461
-0.23675110960263723303143024168094
0.19266956191508882723084639110311
-0.00973206739188503533455332217272
-0.25598395376808852352823464570974
0.47266077380760140869142560404725
-0.49791739141169355509219940358889
0.26955764978916096907823884976096
0.13230413721073341903888831438962
-0.50489090386331081372617290980997
0.62789937678504004203716704068938
-0.40301535410905731104946880805073
-0.06066083619901585510802988210344
0.48276012813942525969679309127969
-0.56834329496943591930602224238100
0.20260879696241457237348981834657
0.43940840076213955045503212204494
-0.95505379019822478348089589417214
0.93721267238645422636977855290752
-0.23975206836059181902953696408076
-0.87772652062797384964198954548920
1.83610615433340829127928373054601
-2.03330814346782418056136521045119
1.19790965725192632973516992933583
0.40608283296559966046856970933732
-2.06066488925520063801855030760635
2.94101803613948220572638092562556
-2.55071901871295825259267076035030
1.00472305742107526072004475281574
1.00472305742107526072004475281574
-2.55071901871295825259267076035030
2.94101803613948220572638092562556
-2.06066488925520063801855030760635
0.40608283296559966046856970933732
1.19790965725192632973516992933583
-2.03330814346782418056136521045119
1.83610615433340829127928373054601
-0.87772652062797384964198954548920
-0.23975206836059181902953696408076
0.93721267238645422636977855290752
-0.95505379019822478348089589417214
0.43940840076213955045503212204494
0.20260879696241457237348981834657
-0.56834329496943591930602224238100
0.48276012813942525969679309127969
-0.06066083619901585510802988210344
-0.40301535410905731104946880805073
0.62789937678504004203716704068938
-0.50489090386331081372617290980997
0.13230413721073341903888831438962
0.26955764978916096907823884976096
-0.49791739141169355509219940358889
0.47266077380760140869142560404725
-0.25598395376808852352823464570974
-0.00973206739188503533455332217272
0.19266956191508882723084639110311
-0.23675110960263723303143024168094
0.16996960458736379284694351099461
-0.06535795586708836868439220779692
-0.01074872861579961869082922021335
0.07025874172871807155082990448136
