-0.03949566685117677361516186351764
0.06242764247066599075930426465675
0.04628460308469548728504960877217
0.00852192468805047093072246866541
-0.02281405378545842133064525114605
-0.00970555928002575507562710299680
0.02708593871025598287527458296609
0.02854399693337296428641280954253
-0.01487169947333678854395344615114
-0.04045353948288110679243345657596
-0.00415069379872589488966738713316
0.04491887019555684118499172541306
0.02896917076041001515296358093110
-0.03672505865480830272717938100868
-0.05359919611189904037340525633226
0.01420736732249025524588148527982
0.07073287022458510375777507306339
0.02155913927060706253291400003036
-0.07257681177174485354086641564209
-0.06549806607206427877532206593969
0.05193272281868212270072859837455
0.10892222605977570915047891730865
-0.00400168856610570722320829872842
-0.13986677314092074708717916564638
-0.07451155405398528219773623959554
0.14316777076456321804442950451630
0.18802880833060917065147066296049
-0.09466008292580777028213390167366
-0.35950209910763081255780093670182
-0.07940170489075723536664952462161
0.77794774581836600990669694510871
1.56053159120632756184932077303529
1.56053159120632756184932077303529
0.77794774581836600990669694510871
-0.07940170489075723536664952462161
-0.35950209910763081255780093670182
-0.09466008292580777028213390167366
0.18802880833060917065147066296049
0.14316777076456321804442950451630
-0.07451155405398528219773623959554
-0.13986677314092074708717916564638
-0.00400168856610570722320829872842
0.10892222605977570915047891730865
0.05193272281868212270072859837455
-0.06549806607206427877532206593969
-0.07257681177174485354086641564209
0.02155913927060706253291400003036
0.07073287022458510375777507306339
0.01420736732249025524588148527982
-0.05359919611189904037340525633226
-0.03672505865480830272717938100868
0.02896917076041001515296358093110
0.04491887019555684118499172541306
-0.00415069379872589488966738713316
-0.04045353948288110679243345657596
-0.01487169947333678854395344615114
0.02854399693337296428641280954253
0.02708593871025598287527458296609
-0.00970555928002575507562710299680
-0.02281405378545842133064525114605
0.00852192468805047093072246866541
0.04628460308469548728504960877217
0.06242764247066599075930426465675
-0.03949566685117677361516186351764
