0.02654515028016989769410471922129
-0.02047306200351397403869313507130
-0.06003585385775025984322894601064
0.05553347848059821123545276577715
0.11225833687307425201584720753090
-0.08334035184022593745201135106981
-0.26072550185714327142250112956390
0.21108389623086512565386385631427
0.40588292519541657732418116211193
-0.34770232689125640801464101059537
-0.61738242692343747730632230741321
0.48493693442974067364659163104079
1.02042825014851956666461774148047
-0.85059168716989075331724734496675
-1.31868987512867774647418173117330
1.13187153925379591079547481058398
1.75520482188296678138783590839012
-1.42241370218892937415944288659375
-2.43890275557995916955178472562693
2.09295075410978537178152691922151
2.72544942933407607910112346871756
-2.36132529662370327372400424792431
-3.31709740897348748234207960194908
2.68810297430775335669750347733498
4.14150761158597457978203237871639
-3.59815725063281988127528165932745
-3.93978353718474316735864704241976
3.20972180696546693923210114007816
4.81419491698387602696129761170596
-3.07959561753180288690145971486345
-6.84334289369747139630817400757223
5.68753113711752256165254948427901
5.68753113711752256165254948427901
-6.84334289369747139630817400757223
-3.07959561753180288690145971486345
4.81419491698387602696129761170596
3.20972180696546693923210114007816
-3.93978353718474316735864704241976
-3.59815725063281988127528165932745
4.14150761158597457978203237871639
2.68810297430775335669750347733498
-3.31709740897348748234207960194908
-2.36132529662370327372400424792431
2.72544942933407607910112346871756
2.09295075410978537178152691922151
-2.43890275557995916955178472562693
-1.42241370218892937415944288659375
1.75520482188296678138783590839012
1.13187153925379591079547481058398
-1.31868987512867774647418173117330
-0.85059168716989075331724734496675
1.02042825014851956666461774148047
0.48493693442974067364659163104079
-0.61738242692343747730632230741321
-0.34770232689125640801464101059537
0.40588292519541657732418116211193
0.21108389623086512565386385631427
-0.26072550185714327142250112956390
-0.08334035184022593745201135106981
0.11225833687307425201584720753090
0.05553347848059821123545276577715
-0.06003585385775025984322894601064
-0.02047306200351397403869313507130
0.02654515028016989769410471922129
