0.00695481573883442987654701639144
-0.01148022562908298724315692140863
-0.01478815161039402290010791318764
0.01278280403041343049608258297667
0.00769862462073958760122582845042
0.00071426012366576207418544797179
0.01775110729067818846060866633252
-0.02980852546462012947481312608033
-0.04596217993315650923724646759183
0.04693439658930039642958931267458
0.04037138575842794813164360334667
-0.01811103149626093825053096963984
0.02014082858178389140446640226401
-0.05696030755470717077404430028764
-0.10259595790505281198701226230696
0.11961442135003332032372469484471
0.12334539686255180379603757501172
-0.08473354461298046591544164130028
-0.01514313140892121350988830386086
-0.07492007784922480317923998427432
-0.18503339625087367181777153746225
0.26080678400573259478889553975023
0.31266279105193311993460270059586
-0.27691854468206156258958117177826
-0.16798425859916671365468232579587
-0.03550069448525461357490939917625
-0.32331611261542775315191988738661
0.64801158020446658625246527662966
1.00715184003687929781278853624826
-1.30992853094589367657363254693337
-1.55884122782607259516396425169660
1.68242037955457979236939536349382
1.68242037955457979236939536349382
-1.55884122782607259516396425169660
-1.30992853094589367657363254693337
1.00715184003687929781278853624826
0.64801158020446658625246527662966
-0.32331611261542775315191988738661
-0.03550069448525461357490939917625
-0.16798425859916671365468232579587
-0.27691854468206156258958117177826
0.31266279105193311993460270059586
0.26080678400573259478889553975023
-0.18503339625087367181777153746225
-0.07492007784922480317923998427432
-0.01514313140892121350988830386086
-0.08473354461298046591544164130028
0.12334539686255180379603757501172
0.11961442135003332032372469484471
-0.10259595790505281198701226230696
-0.05696030755470717077404430028764
0.02014082858178389140446640226401
-0.01811103149626093825053096963984
0.04037138575842794813164360334667
0.04693439658930039642958931267458
-0.04596217993315650923724646759183
-0.02980852546462012947481312608033
0.01775110729067818846060866633252
0.00071426012366576207418544797179
0.00769862462073958760122582845042
0.01278280403041343049608258297667
-0.01478815161039402290010791318764
-0.01148022562908298724315692140863
0.00695481573883442987654701639144
