0.09232423307149786873004870813020
-0.03608871631622351250356928176188
-0.13736422001152789884592664293450
0.18118051238660975998939761666406
0.09043120587511321861740043459577
-0.33965379189426952999397713028884
0.09035395396488354879949156384100
0.41639538432985934157670726563083
-0.38142499768878646015934918978019
-0.28799577694355638080025983072119
0.60796576045126604626034350076225
0.01173296038159932219713255108218
-0.66460746719690400041713473910931
0.27545676792156137402400872815633
0.55982918863018704680456494315877
-0.42999922713334892687697674773517
-0.47105050105794032955230932202539
0.52142328137303983748296332123573
0.49638214508959876969385049960692
-0.74726346405513111026408523684950
-0.51980905281124090144828642223729
1.24315830842197039274310554901604
0.20578031906938587525246475706808
-1.80329842685733776619372292771004
0.66502191527596143938438899567700
1.94405072725296035329733967955690
-1.90705560326435108464693257701583
-1.23470327220994269268317111709621
2.89666159514127707907960029842798
-0.26837744071298486048249287705403
-2.97603418601299818391225926461630
1.94602267306521636847094214317622
1.94602267306521636847094214317622
-2.97603418601299818391225926461630
-0.26837744071298486048249287705403
2.89666159514127707907960029842798
-1.23470327220994269268317111709621
-1.90705560326435108464693257701583
1.94405072725296035329733967955690
0.66502191527596143938438899567700
-1.80329842685733776619372292771004
0.20578031906938587525246475706808
1.24315830842197039274310554901604
-0.51980905281124090144828642223729
-0.74726346405513111026408523684950
0.49638214508959876969385049960692
0.52142328137303983748296332123573
-0.47105050105794032955230932202539
-0.42999922713334892687697674773517
0.55982918863018704680456494315877
0.27545676792156137402400872815633
-0.66460746719690400041713473910931
0.01173296038159932219713255108218
0.60796576045126604626034350076225
-0.28799577694355638080025983072119
-0.38142499768878646015934918978019
0.41639538432985934157670726563083
0.09035395396488354879949156384100
-0.33965379189426952999397713028884
0.09043120587511321861740043459577
0.18118051238660975998939761666406
-0.13736422001152789884592664293450
-0.03608871631622351250356928176188
0.09232423307149786873004870813020
