0.00005418586998732228540232372382
0.00049896511392282904672618171205
0.00021988569047607219183147753139
-0.00125328721864093571569664931076
-0.00172077306112872001862823534424
0.00151556829967706323605836082891
0.00502457396037979571457032790249
0.00088222070437151062834851833472
-0.00911017389135371918884587216780
-0.00855097909064898679953881099891
0.00995314456288360835389816827501
0.02207899729070390143492730317121
-0.00079766225778014118036329804795
-0.03667131669918194392110422086262
-0.02452425660435546272974960402280
0.04027541166762764468511903714898
0.06545614990503588470627249762401
-0.01601719264376773310676327355395
-0.10844985433166340338395627895807
-0.04982284707119986888468332608682
0.12479680858208884453031117800492
0.15631401275539130724112624193367
-0.07560707999972617054940116076978
-0.27769752655691748444155564357061
-0.07760709185421188482933985142154
0.35838644101676286890523215333815
0.36652782317107401865996507694945
-0.30585943209166516210117947593972
-0.84704808606982173735389096691506
-0.09613304564912883432015178186703
1.96749341221893780939922180550639
3.81748908143038967466509348014370
3.81748908143038967466509348014370
1.96749341221893780939922180550639
-0.09613304564912883432015178186703
-0.84704808606982173735389096691506
-0.30585943209166516210117947593972
0.36652782317107401865996507694945
0.35838644101676286890523215333815
-0.07760709185421188482933985142154
-0.27769752655691748444155564357061
-0.07560707999972617054940116076978
0.15631401275539130724112624193367
0.12479680858208884453031117800492
-0.04982284707119986888468332608682
-0.10844985433166340338395627895807
-0.01601719264376773310676327355395
0.06545614990503588470627249762401
0.04027541166762764468511903714898
-0.02452425660435546272974960402280
-0.03667131669918194392110422086262
-0.00079766225778014118036329804795
0.02207899729070390143492730317121
0.00995314456288360835389816827501
-0.00855097909064898679953881099891
-0.00911017389135371918884587216780
0.00088222070437151062834851833472
0.00502457396037979571457032790249
0.00151556829967706323605836082891
-0.00172077306112872001862823534424
-0.00125328721864093571569664931076
0.00021988569047607219183147753139
0.00049896511392282904672618171205
0.00005418586998732228540232372382
