0.00138343921029649222220747617484
-0.01796436408308330762162441374130
-0.01621979765245630186742964440327
-0.00830280742352889310209373974203
0.01051803091315676834394121641481
0.03108275846287313765037296775517
0.03772050715417332722445564741065
0.01871700692157444306795710531333
-0.02257531292099506509130080189607
-0.06419156994413997840975838471422
-0.07530559352639984438404496813746
-0.03630871122142086820927531221059
0.04252740623301013572765683079524
0.11839797195278919939021022855741
0.13631147414055699851331837635371
0.06473064035851795738896186094280
-0.07463355610621723312814168593832
-0.20580255693072097011864229898492
-0.23525218620165502803054380365211
-0.11131672484682816892664902752585
0.12809019214543765352587456618494
0.35475305405266882585735288557771
0.40918858130850044307891266726074
0.19666963174262344637988064732781
-0.23120943762210208194396443559526
-0.66274570506554675297650192078436
-0.80302701704416090677796091767959
-0.41492961946108147808232047282218
0.54312283557274620982013857428683
1.85795721677014924466675438452512
3.12209977627694801327606910490431
3.89566772320703780252415526774712
3.89566772320703780252415526774712
3.12209977627694801327606910490431
1.85795721677014924466675438452512
0.54312283557274620982013857428683
-0.41492961946108147808232047282218
-0.80302701704416090677796091767959
-0.66274570506554675297650192078436
-0.23120943762210208194396443559526
0.19666963174262344637988064732781
0.40918858130850044307891266726074
0.35475305405266882585735288557771
0.12809019214543765352587456618494
-0.11131672484682816892664902752585
-0.23525218620165502803054380365211
-0.20580255693072097011864229898492
-0.07463355610621723312814168593832
0.06473064035851795738896186094280
0.13631147414055699851331837635371
0.11839797195278919939021022855741
0.04252740623301013572765683079524
-0.03630871122142086820927531221059
-0.07530559352639984438404496813746
-0.06419156994413997840975838471422
-0.02257531292099506509130080189607
0.01871700692157444306795710531333
0.03772050715417332722445564741065
0.03108275846287313765037296775517
0.01051803091315676834394121641481
-0.00830280742352889310209373974203
-0.01621979765245630186742964440327
-0.01796436408308330762162441374130
0.00138343921029649222220747617484
