0.03318143785021237385235437500342
-0.02559132750439246928308989481593
-0.07504481732218781786514227860607
0.06941684810074776057486900526783
0.14032292109134281155036205746001
-0.10417543980028241834556723688365
-0.32590687732142908927812641195487
0.26385487028858140012843591648561
0.50735365649427066614407522138208
-0.43462790861407052389608907105867
-0.77172803365429687438847849989543
0.60617116803717585593602734661545
1.27553531268564945833077217685059
-1.06323960896236346940213479683734
-1.64836234391084723860387839522446
1.41483942406724483298319228197215
2.19400602735370853224594611674547
-1.77801712773616182872160607075784
-3.04862844447494918398433583206497
2.61618844263723193677151357405819
3.40681178666759532092100926092826
-2.95165662077962931419961023493670
-4.14637176121685957497220442746766
3.36012871788469169587187934666872
5.17688451448246844677214539842680
-4.49769656329102485159410207415931
-4.92472942148092940328751865308732
4.01215225870683411812933627516031
6.01774364622984503370162201463245
-3.84949452191475360862682464357931
-8.55417861712183835720679780934006
7.10941392139690364615489670541137
7.10941392139690364615489670541137
-8.55417861712183835720679780934006
-3.84949452191475360862682464357931
6.01774364622984503370162201463245
4.01215225870683411812933627516031
-4.92472942148092940328751865308732
-4.49769656329102485159410207415931
5.17688451448246844677214539842680
3.36012871788469169587187934666872
-4.14637176121685957497220442746766
-2.95165662077962931419961023493670
3.40681178666759532092100926092826
2.61618844263723193677151357405819
-3.04862844447494918398433583206497
-1.77801712773616182872160607075784
2.19400602735370853224594611674547
1.41483942406724483298319228197215
-1.64836234391084723860387839522446
-1.06323960896236346940213479683734
1.27553531268564945833077217685059
0.60617116803717585593602734661545
-0.77172803365429687438847849989543
-0.43462790861407052389608907105867
0.50735365649427066614407522138208
0.26385487028858140012843591648561
-0.32590687732142908927812641195487
-0.10417543980028241834556723688365
0.14032292109134281155036205746001
0.06941684810074776057486900526783
-0.07504481732218781786514227860607
-0.02559132750439246928308989481593
0.03318143785021237385235437500342
