0.00069171960514824611110373808742
-0.00898218204154165381081220687065
-0.00810989882622815093371482220164
-0.00415140371176444655104686987102
0.00525901545657838417197060820740
0.01554137923143656882518648387759
0.01886025357708666361222782370533
0.00935850346078722153397855265666
-0.01128765646049753254565040094803
-0.03209578497206998920487919235711
-0.03765279676319992219202248406873
-0.01815435561071043410463765610530
0.02126370311650506786382841539762
0.05919898597639459969510511427870
0.06815573707027849925665918817685
0.03236532017925897869448093047140
-0.03731677805310861656407084296916
-0.10290127846536048505932114949246
-0.11762609310082751401527190182605
-0.05565836242341408446332451376293
0.06404509607271882676293728309247
0.17737652702633441292867644278886
0.20459429065425022153945633363037
0.09833481587131172318994032366390
-0.11560471881105104097198221779763
-0.33137285253277337648825096039218
-0.40151350852208045338898045883980
-0.20746480973054073904116023641109
0.27156141778637310491006928714341
0.92897860838507462233337719226256
1.56104988813847400663803455245215
1.94783386160351890126207763387356
1.94783386160351890126207763387356
1.56104988813847400663803455245215
0.92897860838507462233337719226256
0.27156141778637310491006928714341
-0.20746480973054073904116023641109
-0.40151350852208045338898045883980
-0.33137285253277337648825096039218
-0.11560471881105104097198221779763
0.09833481587131172318994032366390
0.20459429065425022153945633363037
0.17737652702633441292867644278886
0.06404509607271882676293728309247
-0.05565836242341408446332451376293
-0.11762609310082751401527190182605
-0.10290127846536048505932114949246
-0.03731677805310861656407084296916
0.03236532017925897869448093047140
0.06815573707027849925665918817685
0.05919898597639459969510511427870
0.02126370311650506786382841539762
-0.01815435561071043410463765610530
-0.03765279676319992219202248406873
-0.03209578497206998920487919235711
-0.01128765646049753254565040094803
0.00935850346078722153397855265666
0.01886025357708666361222782370533
0.01554137923143656882518648387759
0.00525901545657838417197060820740
-0.00415140371176444655104686987102
-0.00810989882622815093371482220164
-0.00898218204154165381081220687065
0.00069171960514824611110373808742
