-0.02654400406766491832266652295402
0.01247625898102907096576252854447
0.03388509280057899059057646695692
0.02992943763095952738884086841153
-0.00866508475138291073269769526632
-0.04405207874159623726573187241229
-0.02782233926911535648596185410497
0.03439305585548562554931706358730
0.07225655284187337823453844976029
0.02627169459862051595355758593087
-0.06781065711592097755566754813117
-0.09896295371038889288062279092628
-0.00782554615648073902123282863386
0.11911671852929997528214300928084
0.12435618803582496050275096877158
-0.03183995447165186704063799538744
-0.18788529894862032731950307606894
-0.13955749941293216220827844153973
0.10424487854129824149218563889008
0.27730579089309231877180650371884
0.13399276133476306638314667907252
-0.22649822071514619237220244940545
-0.39381002520925456611422532660072
-0.08817698761431953802247818430260
0.43951331142500632553904438282188
0.56239215051485857976842908101389
-0.04790598558201761975050558817202
-0.89172591260934930268433618039126
-0.91092388367487953093615260513616
0.54486162449024999610003305861028
2.93702130217505041898107265296858
4.77432380712980464210204445407726
4.77432380712980464210204445407726
2.93702130217505041898107265296858
0.54486162449024999610003305861028
-0.91092388367487953093615260513616
-0.89172591260934930268433618039126
-0.04790598558201761975050558817202
0.56239215051485857976842908101389
0.43951331142500632553904438282188
-0.08817698761431953802247818430260
-0.39381002520925456611422532660072
-0.22649822071514619237220244940545
0.13399276133476306638314667907252
0.27730579089309231877180650371884
0.10424487854129824149218563889008
-0.13955749941293216220827844153973
-0.18788529894862032731950307606894
-0.03183995447165186704063799538744
0.12435618803582496050275096877158
0.11911671852929997528214300928084
-0.00782554615648073902123282863386
-0.09896295371038889288062279092628
-0.06781065711592097755566754813117
0.02627169459862051595355758593087
0.07225655284187337823453844976029
0.03439305585548562554931706358730
-0.02782233926911535648596185410497
-0.04405207874159623726573187241229
-0.00866508475138291073269769526632
0.02992943763095952738884086841153
0.03388509280057899059057646695692
0.01247625898102907096576252854447
-0.02654400406766491832266652295402
