-1.79622981476534882006035331869498
-0.70700450610925691385943991917884
-0.16471240976602796735051015275531
0.84599770924588724163584174675634
1.34082142693996830828950805880595
1.21383373320550980167809029808268
0.01032837840083877800623213261133
-1.26295258449520098054108530050144
-2.13891174552616547543948399834335
-1.51569881015509988486655856831931
0.01965481221884046725278949452331
2.02521292360979021651701259543188
2.75585448435976587688855943270028
2.01480228240224334967933828011155
-0.41084611821583782997890921251383
-2.59921250012353688418897945666686
-3.63059127219010147058497750549577
-2.11393541508473070678064686944708
0.59990734277796176066033240203978
3.51491475162110766916612192289904
4.05063398951769926270571886561811
2.43163234269812811305655486648902
-1.28026700754356470568495751649607
-3.93232533041602749790399684570730
-4.76122107317309239959968181210570
-2.01312350221956659623856467078440
1.44332331417754078373150150582660
4.92566139491138166306427592644468
4.36895311787148088455978722777218
2.23802214681656996830838579626288
-3.50693959419370049346298401360400
-3.25757982152428038347125038853846
-3.25757982152428038347125038853846
-3.50693959419370049346298401360400
2.23802214681656996830838579626288
4.36895311787148088455978722777218
4.92566139491138166306427592644468
1.44332331417754078373150150582660
-2.01312350221956659623856467078440
-4.76122107317309239959968181210570
-3.93232533041602749790399684570730
-1.28026700754356470568495751649607
2.43163234269812811305655486648902
4.05063398951769926270571886561811
3.51491475162110766916612192289904
0.59990734277796176066033240203978
-2.11393541508473070678064686944708
-3.63059127219010147058497750549577
-2.59921250012353688418897945666686
-0.41084611821583782997890921251383
2.01480228240224334967933828011155
2.75585448435976587688855943270028
2.02521292360979021651701259543188
0.01965481221884046725278949452331
-1.51569881015509988486655856831931
-2.13891174552616547543948399834335
-1.26295258449520098054108530050144
0.01032837840083877800623213261133
1.21383373320550980167809029808268
1.34082142693996830828950805880595
0.84599770924588724163584174675634
-0.16471240976602796735051015275531
-0.70700450610925691385943991917884
-1.79622981476534882006035331869498
