0.00007586021798225119549749506653
0.00069855115949196070878474129628
0.00030783996666650104145901423180
-0.00175460210609731026218383043158
-0.00240908228558020780923909498483
0.00212179561954788879069022655699
0.00703440354453171295956437347741
0.00123510898612011477126770842005
-0.01275424344789520721132891623029
-0.01197137072690858221324372578920
0.01393440238803705065462334999893
0.03091059620698546200889822443969
-0.00111672716089219765250861726713
-0.05133984337885472148954590920766
-0.03433395924609764643387066485047
0.05638557633467869423249396731990
0.09163860986705024691545418136229
-0.02242406970127482426780041180336
-0.15182979606432878139088415991864
-0.06975198589967981921411421808443
0.17471553201492437401576296451822
0.21883961785754779683088599995244
-0.10584991199961664432027674820347
-0.38877653717968446711594765474729
-0.10864992859589664431219091511593
0.50174101742346799426286452217028
0.51313895243950369273733258523862
-0.42820320492833119363496052756091
-1.18586732049775056552221030869987
-0.13458626390878036804821249461384
2.75449077710651302197675249772146
5.34448471400254554453113087220117
5.34448471400254554453113087220117
2.75449077710651302197675249772146
-0.13458626390878036804821249461384
-1.18586732049775056552221030869987
-0.42820320492833119363496052756091
0.51313895243950369273733258523862
0.50174101742346799426286452217028
-0.10864992859589664431219091511593
-0.38877653717968446711594765474729
-0.10584991199961664432027674820347
0.21883961785754779683088599995244
0.17471553201492437401576296451822
-0.06975198589967981921411421808443
-0.15182979606432878139088415991864
-0.02242406970127482426780041180336
0.09163860986705024691545418136229
0.05638557633467869423249396731990
-0.03433395924609764643387066485047
-0.05133984337885472148954590920766
-0.00111672716089219765250861726713
0.03091059620698546200889822443969
0.01393440238803705065462334999893
-0.01197137072690858221324372578920
-0.01275424344789520721132891623029
0.00123510898612011477126770842005
0.00703440354453171295956437347741
0.00212179561954788879069022655699
-0.00240908228558020780923909498483
-0.00175460210609731026218383043158
0.00030783996666650104145901423180
0.00069855115949196070878474129628
0.00007586021798225119549749506653
