-0.35355632454198859804250787419733
-1.14471794226909118208368454361334
0.28037838598636888320925208972767
-0.10227159195889878873231282341294
0.11635637414438071424171994294738
-0.09881123674834002557076928496826
-0.03025708304191687680884115252411
0.17285309917280078373380547418492
-0.14203124527107346963816780771594
-0.09981762419870365832252900872845
0.30932937874016497303841788379941
-0.18989097170533719705076691752765
-0.21953866330727200839589841052657
0.47830479873776199362112038215855
-0.20753516000836880195379308133852
-0.39236505970726054393082904425683
0.65055434810890555574758309376193
-0.17123221325423831906675786740379
-0.60787458608411593097287095588399
0.79713097757339068660797920529149
-0.07233972672186667063343179506774
-0.83916710750429235332603639108129
0.88802493879387811581693767948309
0.08505921992135956344327496481128
-1.05642790131873454129163292236626
0.90315068119073338426261443601106
0.28702296744979760578786454061628
-1.22370970789955135771265304356348
0.83582791511066645284699916373938
0.50015724402535832737726195773575
-1.31574152529688848112243704235880
0.69335262413274001414009717336739
0.69335262413274001414009717336739
-1.31574152529688848112243704235880
0.50015724402535832737726195773575
0.83582791511066645284699916373938
-1.22370970789955135771265304356348
0.28702296744979760578786454061628
0.90315068119073338426261443601106
-1.05642790131873454129163292236626
0.08505921992135956344327496481128
0.88802493879387811581693767948309
-0.83916710750429235332603639108129
-0.07233972672186667063343179506774
0.79713097757339068660797920529149
-0.60787458608411593097287095588399
-0.17123221325423831906675786740379
0.65055434810890555574758309376193
-0.39236505970726054393082904425683
-0.20753516000836880195379308133852
0.47830479873776199362112038215855
-0.21953866330727200839589841052657
-0.18989097170533719705076691752765
0.30932937874016497303841788379941
-0.09981762419870365832252900872845
-0.14203124527107346963816780771594
0.17285309917280078373380547418492
-0.03025708304191687680884115252411
-0.09881123674834002557076928496826
0.11635637414438071424171994294738
-0.10227159195889878873231282341294
0.28037838598636888320925208972767
-1.14471794226909118208368454361334
-0.35355632454198859804250787419733
